8.636432604251851330e-01
6.590830261231563902e-01
8.055984627531813658e-01
9.496173919912523909e-01
3.468067924062678831e-02
1.266224383555069055e-01
6.964292756421949226e-01
5.470984262396282327e-01
5.169529751934728301e-01
2.447736027673708126e-01
2.192733758973175462e-02
7.705280586850367097e-01
9.000129765743634103e-01
5.755571087088384719e-02
9.520480113481616380e-01
1.328586561713177572e-01
4.799023440141438890e-01
2.278762566531371547e-01
6.184729721900191768e-01
5.546252389218045975e-01
2.533975633655194404e-01
9.337642751997382584e-01
1.550469924071973260e-01
5.524889639344565673e-02
8.030086996660499299e-01
5.121884492810879763e-01
4.452572076939600443e-01
2.839653274312528008e-01
4.311291078568173507e-01
9.529909003114422905e-01
6.458696911683783348e-01
5.114860838978454449e-01
7.319026877372490913e-01
1.710875313723735358e-01
5.684818431080220780e-01
2.054801820840912452e-01
1.503668358962948481e-01
1.259664569092595610e-01
4.011425998056927789e-01
7.296510157142536146e-01
6.087863057517828302e-01
4.942592662358420430e-01
2.645019184452938044e-01
1.017781851091735801e-01
6.906740149501663373e-01
8.638021063389338394e-01
7.562891517668977048e-01
6.171810253217488995e-01
3.522891366503599908e-02
1.016911969972866814e-02
6.391529135980947851e-01
8.022863277640457369e-01
8.292097785511608476e-01
1.284176292115232210e-01
5.095324060258576981e-01
2.191996381378460423e-01
3.197933581741444486e-01
2.633297276149765276e-01
5.760373689747658732e-01
1.932590464382401008e-01
8.483139019770917777e-01
6.643159311724724514e-01
1.949836810530718445e-01
8.380034755182941275e-02
8.082428637172641706e-01
5.990811075861907087e-01
3.359152570411538807e-02
6.616815883643711871e-02
4.055884969879370860e-01
3.295663229755504409e-01
5.939848460560522847e-01
9.144191810696490341e-01
1.553771997236956803e-01
7.864037417940713537e-01
5.352697179974352792e-02
1.342158605406131855e-01
6.657098547051814030e-01
6.968635391675552793e-01
4.607075462132188548e-01
4.288210118354882638e-01
8.531956388800954194e-02
9.773155408414713197e-02
9.860600280301858866e-01
3.508389869926181737e-01
4.082055764083655225e-01
8.640987802104520554e-01
8.683470933186029361e-01
9.487427357296814856e-01
3.668668990325265611e-01
8.475503864869691206e-01
8.468756794785273767e-01
6.515868190383029557e-01
8.779192444671057860e-02
1.876739683377293133e-02
3.866154612211545327e-01
7.346969217367589344e-01
7.368016699794252000e-01
7.917038502880969775e-01
2.205909710726254858e-01
7.344560188993459748e-01
4.156789917309302584e-01
5.490305749467072616e-05
9.032023033362576170e-01
6.063533612744527179e-01
2.629956079308000128e-01
4.201927027137295489e-01
6.697211295999936365e-01
1.481672044571876734e-01
1.398028589106673492e-01
6.222589091083388091e-01
6.536118294513998395e-01
1.789178929771177984e-01
8.571821037627439521e-01
9.742979512634319939e-01
2.634585308562079620e-01
6.649222402350775107e-01
6.232990833828193633e-01
8.612608017410275929e-01
1.863843671909306554e-01
1.428117119467833263e-01
4.056271387262422312e-02
3.772943772213810387e-01
4.142174855670056610e-01
8.577636034260246456e-01
8.090784852314433229e-01
9.894768384015509843e-01
3.887660126227948654e-01
4.444904611478316392e-01
8.520279605082137220e-02
7.102567520318135985e-01
7.793600722194591324e-01
8.654910117672419689e-01
2.896328321250685178e-02
6.393757477169534909e-01
2.153420944336283949e-01
5.563478891491535627e-01
8.746163691792704364e-01
9.350930786161678610e-01
8.019370415492547144e-01
9.959640476181319535e-01
8.204958712184620140e-01
5.152399200788109201e-01
5.119261609023584292e-02
5.268466876226592932e-01
4.208612984555470948e-02
7.797150916043267266e-01
7.500087721684669528e-01
5.267231736626132310e-03
7.612248399290233447e-01
3.385269021113781474e-01
9.874339808402380347e-01
9.674510219441057046e-01
1.635518042379693338e-01
3.830131499297081410e-01
3.496923092921905285e-01
9.274534651736304758e-01
9.465820532061498538e-01
1.245490188806217535e-01
5.965478689696296355e-01
9.639532107875946609e-01
2.693677617235331612e-01
6.324497326129427943e-01
1.451318990252363772e-01
6.451333022852075993e-01
2.899453725266674109e-01
3.060471509356457176e-01
9.874913303909668150e-01
4.605108972256626299e-01
3.772065756131529612e-01
4.059861909480290132e-01
6.709167825891506620e-01
1.965852889419145155e-01
7.550150887480397977e-01
6.736279155269406793e-01
5.415656621420773531e-01
8.395828385513904868e-01
4.493662206570080420e-01
7.720406769767380606e-01
6.688873822443927031e-01
3.811923166817832165e-01
9.923623478887015903e-01
6.413004736741875211e-01
4.781167811707890403e-01
3.073460658975084581e-01
1.447167248318596000e-01
6.182936795756999171e-02
1.367499911119236522e-01
8.362333514128150735e-02
2.481185388201424535e-01
3.828922155475176226e-01
1.004475321815200273e-01
7.674020635724806416e-01
3.559164667697856110e-02
8.604975358102662231e-02
7.011751220069347701e-01
4.468054784428829862e-01
1.697854613159064385e-01
8.390359659806745363e-02
8.078704302626894540e-01
1.288044460874987474e-01
6.804033228551373824e-01
4.920392409067586570e-02
9.843456023799102006e-02
3.710418270320106071e-01
9.000122465769059277e-01
7.348003871126029818e-01
2.212886316218259930e-01
3.929537256107311638e-01
4.082544552028849472e-01
7.403080614068813237e-01
9.382444403232328423e-01
3.357184762188246685e-01
8.158109165170596144e-01
8.675741589693541922e-01
3.417774784980963654e-01
4.017444541215611231e-01
5.242321527140236803e-01
7.150072343126603336e-01
1.233701244750066151e-01
8.844266871488779547e-01
9.605114041980306050e-01
9.992338232746967863e-01
9.642943657578627592e-01
4.013730343683339363e-01
4.953656801552608346e-01
4.242454125102907980e-01
8.793865759324818177e-01
9.166823816021200111e-01
9.049872017472370134e-01
8.142854399538859145e-01
7.504247723503532086e-02
3.885105160299118232e-02
3.440422898062528434e-01
9.641992542196052840e-01
3.550744824942525524e-01
1.930662448941787845e-01
6.336251265624842643e-01
7.116393127179496680e-01
4.566035546221061114e-01
6.161531535681598060e-01
1.006829062973396693e-01
8.685258777956760268e-01
5.132222589647710276e-01
9.875189455920071468e-01
8.414411703480773053e-01
2.349658974904118569e-01
2.373067567254913968e-01
6.613899107243970121e-02
2.444809313244932225e-01
2.841778744339306106e-01
3.839289779554065918e-01
1.463205788349623004e-01
5.398062263852407838e-01
2.012713168627769944e-01
5.187442949655207691e-01
1.625616646137918453e-01
7.769696944605425371e-01
9.189492837363885114e-01
6.450890281276322469e-03
4.569937879040772977e-01
6.443959774314694799e-01
3.862679271719826612e-01
3.980200693182431859e-01
9.803302400174632725e-01
2.619941832075878274e-02
1.049405045180369367e-01
1.776033139288293317e-01
6.740770947752133813e-01
3.147416164723579879e-01
3.351386467389567692e-01
5.606124243981617239e-01
6.100435513022730571e-01
8.895257065055999224e-01
1.708180552003688568e-01
9.249379295107723609e-01
7.780089602925103209e-01
3.490731849645831719e-01
7.503558101739368214e-01
5.233830696414790706e-01
1.903220579939031154e-01
6.586353199038730288e-02
9.060746809853086337e-01
3.425529289060192939e-01
9.193305756616181323e-01
5.313726085105715535e-01
9.062610682290430653e-01
5.566675295199131623e-01
3.920772768120763807e-01
9.740507021403861376e-01
6.831135351293460278e-02
3.418597779557408511e-01
2.285523699783436058e-01
7.645748081070854463e-01
3.152497840287779018e-01
3.130344855945644822e-01
6.244178024070031752e-01
6.447727714790220110e-01
2.232986071575128184e-01
8.416025713282160314e-02
9.953361582222418624e-01
2.012137150304661448e-01
5.848747551556868762e-01
8.363192606924984007e-01
6.462226657832457200e-01
8.042298523088453610e-02
6.761731773298663706e-01
1.740550020755724514e-01
1.756987519483015348e-01
3.426464581680767063e-01
7.608206555254515280e-03
7.658658319871306519e-01
2.364741954955594805e-01
7.490084061649114888e-01
4.227672840922923614e-01
7.500866806113234420e-01
5.311957618297268313e-01
5.187531451794209492e-01
9.352860968912898310e-01
7.999303507531629887e-02
5.442804019613535216e-01
2.559980965116941398e-01
2.704018880010777837e-01
9.128998440154131311e-01
5.555095581366682467e-01
9.098533329681878223e-01
9.997237382694954544e-01
8.705363918612686325e-01
7.090624412391810516e-01
9.372111251729007275e-01
6.896080561236461737e-01
1.449210137959022759e-01
6.579967034481430943e-01
4.368295934891509580e-01
6.296284958577880175e-01
9.327713870077232183e-01
9.505653446960306008e-01
7.135082398971169804e-01
2.588398396905631227e-01
6.491979165839366628e-01
5.100537924682910784e-01
7.006010069228473247e-01
2.027861781652102735e-01
7.360986646432899905e-01
4.594573452361896404e-01
1.953002848357743293e-01
4.581461233244688014e-01
3.863415739778175428e-01
4.395951007693884582e-01
8.646328056848339161e-01
4.529471196751082562e-01
6.818559249225178975e-01
6.663872676859949884e-01
1.517665612478317216e-01
2.151349094502965631e-01
5.204972149465098008e-01
6.968681112279181411e-01
1.695067484905931066e-01
7.851616420871915247e-01
9.374756688093434098e-01
7.581257967023955491e-01
6.160256389409912714e-02
4.157137576558259662e-01
6.012111477168018414e-01
8.378824965579394490e-01
2.111344633152285599e-01
4.458711924196032683e-01
7.579215037440732994e-01
8.655910561239543721e-01
3.597247696192147348e-01
4.344846600718842433e-01
8.100779051197636305e-01
6.095271811140947626e-01
7.023559136531859481e-01
3.341047715610157010e-02
3.950128607116454305e-02
4.792438947300544649e-01
4.416775898158868952e-01
3.668890906017578946e-01
5.353322677729080992e-01
6.015409396925186503e-01
4.845280198197458033e-01
6.939657420601458293e-01
9.001325190449639413e-01
8.834727014339343043e-01
8.309551434759382404e-01
9.786971982749501642e-01
7.323539622691771500e-01
7.075662782525404815e-02
5.114650659115150821e-01
1.683280021685269467e-01
1.691203353654330277e-01
8.526215149905972401e-01
4.211157040077639913e-01
3.627972642161814143e-02
8.636059650059779713e-01
6.890242394431478345e-01
7.138417669566320400e-01
9.767911506370754449e-01
6.065726712003272070e-01
6.680750744214178916e-01
6.171779739458890246e-01
2.741991251278064201e-02
5.387546482096902123e-01
5.275780447547462337e-01
7.331665065987402752e-01
9.567854712801265871e-01
5.365794228001831145e-01
1.852764375811434272e-01
4.540245883854845399e-01
9.459132726436069172e-01
4.389808639021730574e-01
7.483815958817535696e-01
5.211724927204351987e-01
7.937389416684846877e-01
3.044727985087622990e-01
3.534509796726181818e-01
9.665361918894602722e-01
8.809138373948023348e-01
6.876184565312171149e-01
1.570279770589981805e-01
3.707110893925584794e-01
7.796769849303873956e-01
4.512479335892431997e-01
6.695495942781890530e-01
6.986595929437403596e-01
3.634645714284751028e-01
1.530665759521163682e-01
7.922700711076292590e-01
9.950233528168404007e-01
3.097857093807515616e-01
3.788801165786537251e-02
2.990757127083811806e-01
5.871177914027229106e-01
5.705887810813511374e-01
7.215717307993176899e-01
9.415295704245507658e-02
6.931654717687282252e-01
8.555885601316964850e-01
2.010289273166616653e-01
5.679078116710667423e-01
8.136207916131540374e-01
5.338749887246873049e-01
1.606987260044709931e-01
8.055107244461328087e-01
5.510934404406672149e-01
7.001005030447039479e-01
6.460453901381150166e-01
1.087321507513621111e-01
2.730678424470660559e-01
9.362995105416486163e-01
8.140517495192179931e-01
9.416873836694318323e-01
5.630740969761414139e-01
6.231866157695538089e-01
3.758091237466409940e-02
3.979599163634508496e-01
3.336788272740434103e-01
9.867381340553968982e-01
7.033457583877570363e-01
3.030871559595798015e-01
5.637535788262099112e-01
6.355307427218407357e-01
2.539984251596533182e-01
1.598454909742752506e-02
4.465772810988100083e-01
7.548833988061950384e-01
6.158468923036952702e-01
3.788684466716396582e-02
5.882327858073758131e-01
4.022973629242584392e-01
7.638523434260741096e-01
4.973862173965223343e-01
4.352208110678671416e-01
2.814038747834790577e-01
8.160586569384593592e-01
2.158948202625148305e-01
4.211889396817809494e-01
8.189483457963211421e-01
7.090760631735871788e-01
5.180470984974495652e-01
5.455889381520955261e-01
7.795869967295792069e-01
6.482892061643138470e-01
9.818272299501583644e-01
7.611501617880234161e-02
5.788193782524553299e-02
9.757826106313808312e-01
5.536693568738013660e-01
4.784562269527782297e-01
7.144172134792247109e-01
8.339149936038968702e-01
1.970775388220866731e-01
7.846546482340864825e-01
5.821424142995412776e-02
8.901342210022620272e-01
4.566585042228034075e-01
2.546067934465823246e-01
8.635562694672027639e-03
6.901999488065204691e-01
5.813092690853534084e-01
8.489693279032920481e-01
8.712091437691157347e-01
7.974330750779587973e-01
9.517436438434256907e-02
4.383412366125852833e-01
5.138257454442520800e-01
8.317884608533717694e-01
8.373624986216308130e-01
7.338924860531456096e-01
4.196652012614848770e-01
1.202192319156455413e-01
2.027128186102244989e-02
5.251838144917836404e-01
8.209457355445726190e-02
3.529571958523707309e-01
8.697045286781576179e-01
8.617678224625131556e-01
7.060075297162216046e-02
6.614333477461316058e-01
9.624217509918594482e-01
9.729785680405522719e-01
9.009856312550000856e-01
7.027929442461292586e-01
3.412360723833408604e-01
1.548431748942162844e-01
9.389273588080419009e-01
3.034317607459778854e-01
1.073506849644830785e-01
7.815112518453383172e-01
6.901380500453937472e-01
5.402643810077267794e-02
3.463682518548435452e-01
2.975441558729829961e-01
1.575176640147268881e-02
3.012025204740662598e-01
4.552124131816768227e-01
5.027148422267911920e-01
6.811572951166771084e-01
1.680644530571391293e-01
8.674712751947060152e-01
5.325029573030262142e-01
7.425501137270790197e-01
4.752458318058805364e-02
4.510301859682908088e-02
9.420721927056310285e-01
8.463717225563290869e-01
4.520795121211050871e-01
8.213910213143871264e-01
3.050755890178347141e-01
1.473078304662754912e-01
2.843007320318918785e-01
6.728085601841298224e-01
1.070351766449939568e-02
8.162591214005296969e-01
2.730729513344092307e-01
1.552926108283507745e-01
8.941271605703616787e-01
2.833507953363604281e-01
6.202990484487027611e-01
7.184499573941275363e-01
9.851794087986326387e-01
9.631824188461415304e-01
3.099785064093873999e-02
8.485182718171990768e-02
2.474565395620984543e-01
1.360523148128675031e-01
5.136566650240625975e-01
1.573170119251984245e-01
9.370776421309932047e-01
1.643386294142410442e-01
8.791545510283582665e-01
3.721729795889021641e-01
6.599802257657294557e-01
8.974756860096881894e-01
2.605697973861788030e-01
1.824966494153128505e-01
2.739605501104297458e-01
3.037582647348806564e-01
7.045028242443746036e-01
2.855697355053767872e-01
2.371199240708475875e-01
9.363507050685159205e-01
2.461241268994492915e-01
7.224249069107659960e-01
5.880431818091566010e-01
3.440198471201794117e-01
2.149450493315335775e-01
2.041185246257681829e-02
8.378640283318619097e-01
9.124154384722391598e-01
6.197498336220844672e-01
4.576369386003406037e-01
4.845602736534804222e-01
5.177027559228579712e-01
4.479866638039530224e-01
5.979780028618346677e-01
9.744479896062611113e-01
6.664382697980822945e-01
3.013530085095528221e-02
3.758300250766343220e-01
2.831483332764441752e-01
6.161688564842394689e-01
8.225741454253041596e-01
9.261458831666650182e-01
4.462098583260203366e-01
7.297207416053018703e-01
4.819028339140415396e-01
2.595635018498746449e-01
6.669477912608418047e-01
4.337895606781294600e-01
4.340736421396603761e-01
7.012278417859214574e-01
4.575007135863616847e-01
7.389290400480137411e-01
6.735082029583502328e-01
3.724167409281142760e-02
8.871285482671766864e-01
2.551101286304897631e-01
7.946578830448403075e-01
8.716913500719672969e-01
7.562203996143479490e-02
3.094627757678701796e-01
7.372211162715471833e-01
2.321671020187925372e-01
8.414924446242406653e-01
7.791665449034335111e-02
8.475642098079145814e-01
8.637433877745250843e-01
3.742431386699519580e-01
2.548927202802021563e-01
6.447167579563556350e-01
1.545326797521904272e-01
7.040672234799590923e-01
9.489099596856174212e-01
4.927380043908532459e-01
9.877674088841459366e-01
3.839077151051490944e-01
9.883564162799639563e-01
6.409934442193705451e-01
4.245343714060185736e-01
5.052197775283640002e-02
5.419706690224479484e-01
7.568569462374941104e-02
5.418632040626872870e-01
7.048843208527473259e-01
3.822204418088488431e-01
3.321993431118890339e-01
1.292164795472307004e-01
4.743178766774239774e-01
4.105680395171229513e-02
8.841239306089023753e-01
5.210701915826881914e-01
4.120445581665059809e-01
4.177040734812380585e-01
7.691810571317667655e-01
4.244669405117872385e-01
9.354779181718566594e-01
3.164763985100631505e-01
5.488407187751858096e-01
2.340390366783964282e-01
4.010565857289756231e-01
3.965472545623571765e-02
5.658277523626296102e-01
3.168812170150254737e-01
1.030053449767065477e-02
2.675191290292768809e-01
5.737783852807104568e-01
3.387070548953856619e-01
8.653609966293513978e-01
1.710020401661223044e-01
8.461850512924485868e-01
6.934513016863923518e-01
6.931507941438811438e-01
8.652917775171168335e-01
5.437326645297385630e-01
9.542181454665424889e-01
4.274262289672903226e-01
9.669053598371397662e-01
6.452101473197866532e-01
8.057501118605392421e-02
8.639424861136576483e-01
7.658463085055999819e-01
3.322936422611053597e-01
1.477033204875494166e-01
7.910682929435428612e-01
9.209695376414072099e-01
8.292055722514307670e-01
4.117981151877457835e-01
6.296712620726229170e-01
1.835519418767864730e-01
4.347124444910412944e-01
6.019206088904398566e-01
3.825220650516654164e-01
7.684925211003195145e-01
9.908714714557343983e-01
6.514598682097734184e-01
8.920233885349991843e-01
5.827477266866517569e-01
3.570759547984900806e-01
3.316309291307624196e-01
6.709494345590882869e-02
5.907032649474917019e-01
5.727432164588779351e-01
2.395577321505633073e-01
4.076744372317132603e-01
7.989772510475821043e-01
1.970442409010387808e-01
6.941633883942432970e-02
5.683236487605434206e-01
3.793185350881781437e-01
1.020904439856712420e-01
7.994701686770949722e-01
1.249705440375504795e-01
7.380122666115571661e-01
9.269956823108195243e-01
7.617813919714172544e-01
6.116549529393221496e-01
7.967399029360650031e-01
7.598423563218164034e-01
5.892783025563865795e-01
1.782932923688455018e-01
9.655362322949273546e-01
4.951903081512006866e-01
4.210220001844312554e-01
4.052398582888558920e-01
6.732063054219087350e-01
7.358557718721443486e-01
7.439380054674868958e-01
8.276961766416802702e-01
5.604768912741830977e-01
6.962120680873714607e-01
2.478137843648611227e-01
4.144018109198652766e-01
5.956782798546650382e-01
2.294412395445761810e-01
2.552045574800668737e-01
6.548138593214721803e-01
5.224233378764234770e-01
1.435957294281305918e-01
9.370247090505363641e-01
3.793988725945315332e-01
9.824378775675912667e-02
2.568601895678084279e-01
9.537674481068951771e-01
6.623931334456639730e-01
7.517115149664476137e-01
1.911385464234077736e-01
1.576132197137076751e-01
5.888664976838829945e-01
6.012600681892512622e-01
6.789704842355088754e-01
3.665682929950865310e-01
7.720184857510502541e-01
5.804615016263183769e-01
1.171018527592881942e-01
7.173045732669256491e-01
4.019179370448799915e-02
6.301606017540083426e-01
1.587138535341019452e-01
2.176384150900138037e-01
8.647606080612448842e-01
9.941223820758255947e-01
5.426129008323734570e-01
9.031091195900579072e-01
7.475994078142933486e-01
6.563156049538632075e-01
8.137065695547024413e-01
6.269884161173312487e-01
5.375405516445226350e-01
5.939464509608897158e-01
5.652340926170217328e-01
7.726837199770045794e-01
1.560227258278756857e-02
6.496305386752521116e-02
2.527197276291874850e-01
4.456140586485347610e-01
6.187290962651481596e-02
7.280319377296782246e-01
4.352290953596464895e-01
8.742874371072654194e-01
3.300500259558899474e-01
9.350263773366183084e-01
3.818088262468998240e-01
8.256505256010437943e-02
3.675037592949759180e-01
5.122890714139438639e-02
7.626552186111418274e-01
6.873454716410308807e-01
8.861352593639448827e-01
5.198609355999750381e-01
8.209643469874577937e-01
3.711430591269110346e-01
2.937047170424649245e-01
3.528351492017093305e-01
6.261293510946971397e-01
8.217311294953089096e-01
2.242551590860841770e-03
7.538156660806945020e-01
3.029725780159396864e-01
7.990610189012209430e-01
2.308406430311762403e-01
2.382697285260786391e-01
3.028669955918218415e-01
6.911880723296477402e-01
1.150220849654624011e-01
5.861652435959263663e-01
8.455258661598024084e-01
2.424183178887540091e-02
3.464940396996830652e-01
2.474173130697480127e-01
4.479407820451334343e-01
5.042279949605974476e-01
6.103987120830827173e-01
2.961964161730959999e-01
3.192060199846740165e-01
1.813791631349667144e-01
6.082698412169421642e-01
9.162820831799289856e-01
3.497893708021500014e-01
9.831740497210511576e-01
4.911868939357670882e-01
3.819792032597308928e-01
5.648129071901268894e-01
5.285812455827023637e-01
7.719732881782337408e-02
3.687690997021570993e-01
4.808852722812728686e-02
4.050662677715890503e-01
3.637922517471796624e-01
7.759078008844412233e-01
8.730556331454074614e-01
5.772048107295264519e-01
5.185590940230985213e-01
4.617588305899458234e-01
9.881805572195201393e-02
4.291505192174004391e-01
4.671755307373757216e-01
6.802773734087963486e-02
9.228675957106192707e-01
2.891329598054349637e-01
4.330703200990322355e-01
1.836690232498296993e-01
9.286556274048618498e-03
9.871140956790115384e-01
6.612389874747753860e-01
6.722885866332718452e-01
4.914867863160979899e-01
1.296191925520213672e-01
9.982535935812586469e-01
3.178134732848437727e-01
5.320715126496144975e-02
5.189679218932526927e-01
2.673355352977972998e-01
7.278333457243582050e-01
8.534941228771115718e-01
4.108758278973144717e-01
4.780855001305627239e-01
2.840053673020670466e-01
6.723848507820833209e-01
6.200127213550876704e-02
1.764347692773413634e-01
9.970142256360360333e-01
1.718625538004308062e-01
8.114748281376504835e-02
2.980365880027727732e-01
1.119990692750306716e-01
3.425147220007989102e-01
5.102057232293447653e-01
9.850257488452817123e-01
3.856526189989588627e-01
1.584653142304641715e-01
8.578541072611065577e-01
1.738399650958332154e-01
7.605230054632131642e-01
9.414404509314379110e-01
2.207537262294393399e-01
3.322224934934616680e-01
1.040360990600628366e-01
5.524016981662336345e-01
8.603271427056876641e-01
2.633612952867356860e-01
6.372978003490780141e-01
8.791403667179058523e-01
8.982297003015115022e-01
7.781707741544503509e-01
3.771365357186221567e-01
1.151168344217321504e-01
4.005342976991016490e-01
2.595575345616046858e-01
7.938011549619405915e-01
2.884198890087165124e-01
4.557832029857330491e-01
9.623874097548845707e-02
7.506937170264625925e-01
9.195675000075266281e-01
2.239772129674767465e-01
6.426898808091936477e-01
5.521416462341632858e-02
4.614458275081070315e-01
2.204097671422494686e-01
8.875574711739708800e-02
3.222843060040586627e-01
8.817414314142529852e-01
7.523904166437179741e-01
4.190294584323502880e-01
5.945827015365556800e-02
1.680384432727319854e-01
4.383046395435472586e-01
4.844322649012777759e-02
3.687868197770545198e-01
1.612149541692002863e-01
6.909937761595972283e-01
8.194705033896265700e-02
9.729271998331150417e-01
6.417601371281070888e-01
2.817996655511756376e-02
4.197624319117363445e-01
3.284462016380619298e-01
5.427590571736463643e-01
4.632301575569823804e-01
2.800146507998879652e-01
3.550264936148672668e-01
8.783302336653864284e-01
7.633141315536924321e-01
5.414219086443050610e-02
1.002906550398441343e-02
1.217265220195371533e-01
3.921979457200731600e-01
8.344943167178204835e-01
6.566651040192529321e-01
1.902314851678984509e-01
1.266808889168609120e-01
8.314538841183417572e-01
2.656001315467753088e-01
6.395691049542977513e-01
8.273618535214386505e-01
3.015645537153596178e-01
8.737767582060449456e-01
9.327099943657525261e-01
4.334605770103902023e-01
5.404913710419956274e-01
9.289437658046626467e-01
2.080807540704551206e-01
3.218772645734059301e-01
7.560193435684894325e-01
1.488167870933970738e-01
8.894244524137803198e-01
2.821832231514004308e-01
7.664691503073395307e-02
1.079116357727968323e-01
6.467237979092045341e-01
2.138728453765262882e-01
3.746270597825923643e-01
9.749593509438968519e-01
5.936835573156796775e-01
4.202329260437331904e-02
5.177472336026223143e-02
2.808349666887597351e-01
6.173706482502533399e-01
1.980932695912455133e-01
8.331188120074571879e-01
7.468182434309266204e-01
2.378833454880252551e-01
5.963899989070747809e-01
3.184249910244785209e-01
3.747451457061087288e-01
5.650887176269342449e-01
8.619903881670053503e-01
5.251036876999904957e-01
5.522599307332426433e-01
4.991986523179031687e-01
1.299372128136118132e-01
2.180003284498251981e-01
8.240396338686559741e-01
1.582877265567390612e-01
8.843645140757815382e-01
4.755672957230304698e-01
5.020679552233252574e-01
6.623073338190513804e-01
8.282907117729620960e-02
2.955454811975555263e-02
6.340646590260957671e-01
7.415915545550233468e-01
6.912076503462076804e-01
2.846232727935416040e-02
6.748754869397575185e-01
7.882315259146907005e-01
9.716393021186923162e-01
9.337794180871340499e-01
3.575496431088579508e-01
8.407274951266491270e-01
2.965997262012528557e-01
7.530109420759329986e-01
5.843707323680458199e-02
1.727383008215364057e-01
4.480340793338150052e-01
9.225641729979957573e-01
4.411925328916930233e-01
6.991724786184236873e-01
6.594562203999080330e-01
