0.000000000000000000e+00
0.000000000000000000e+00
0.000000000000000000e+00
0.000000000000000000e+00
0.000000000000000000e+00
0.000000000000000000e+00
0.000000000000000000e+00
0.000000000000000000e+00
0.000000000000000000e+00
0.000000000000000000e+00
0.000000000000000000e+00
0.000000000000000000e+00
0.000000000000000000e+00
0.000000000000000000e+00
0.000000000000000000e+00
0.000000000000000000e+00
0.000000000000000000e+00
0.000000000000000000e+00
0.000000000000000000e+00
0.000000000000000000e+00
0.000000000000000000e+00
0.000000000000000000e+00
0.000000000000000000e+00
0.000000000000000000e+00
0.000000000000000000e+00
0.000000000000000000e+00
0.000000000000000000e+00
0.000000000000000000e+00
0.000000000000000000e+00
0.000000000000000000e+00
0.000000000000000000e+00
0.000000000000000000e+00
0.000000000000000000e+00
0.000000000000000000e+00
0.000000000000000000e+00
0.000000000000000000e+00
0.000000000000000000e+00
0.000000000000000000e+00
0.000000000000000000e+00
0.000000000000000000e+00
0.000000000000000000e+00
0.000000000000000000e+00
0.000000000000000000e+00
0.000000000000000000e+00
0.000000000000000000e+00
0.000000000000000000e+00
0.000000000000000000e+00
0.000000000000000000e+00
0.000000000000000000e+00
0.000000000000000000e+00
0.000000000000000000e+00
0.000000000000000000e+00
0.000000000000000000e+00
0.000000000000000000e+00
0.000000000000000000e+00
0.000000000000000000e+00
0.000000000000000000e+00
0.000000000000000000e+00
0.000000000000000000e+00
0.000000000000000000e+00
0.000000000000000000e+00
0.000000000000000000e+00
0.000000000000000000e+00
0.000000000000000000e+00
0.000000000000000000e+00
0.000000000000000000e+00
0.000000000000000000e+00
3.327272149501642184e-02
0.000000000000000000e+00
1.771346642147148265e-01
2.309581487435794500e+00
1.542532786114563059e+01
2.822217011086005911e+01
1.542983102058945022e+01
2.306673828625749767e+00
1.833821474172682431e-01
0.000000000000000000e+00
6.760972715724603010e-02
0.000000000000000000e+00
2.142148429593739856e-01
2.586636884982281614e+00
1.756226263402268728e+01
3.246179897143532145e+01
1.795707785722656524e+01
2.709840274061352972e+00
2.209158222245870273e-01
0.000000000000000000e+00
2.875888445388951123e-02
0.000000000000000000e+00
1.058683165502219969e-01
1.076736323156697539e+00
7.559742533590759983e+00
1.421610511168307589e+01
8.029586594959335244e+00
1.228181012748304379e+00
1.071749547628015886e-01
0.000000000000000000e+00
0.000000000000000000e+00
0.000000000000000000e+00
2.491433226385861982e-02
2.936394970313279673e-01
2.164281336449757731e+00
4.127018653456557828e+00
2.383414810799548089e+00
3.658802275718393560e-01
2.463708823641343193e-02
0.000000000000000000e+00
0.000000000000000000e+00
0.000000000000000000e+00
0.000000000000000000e+00
4.670370409633656933e-02
4.767771751610823117e-01
9.143428223270000377e-01
5.432660716379797972e-01
6.268208897212353137e-02
0.000000000000000000e+00
0.000000000000000000e+00
0.000000000000000000e+00
0.000000000000000000e+00
0.000000000000000000e+00
0.000000000000000000e+00
6.869147803054183321e-02
1.622680268846853346e-01
8.019788031313687671e-02
0.000000000000000000e+00
0.000000000000000000e+00
0.000000000000000000e+00
0.000000000000000000e+00
0.000000000000000000e+00
0.000000000000000000e+00
0.000000000000000000e+00
0.000000000000000000e+00
1.904130629143216749e-02
0.000000000000000000e+00
0.000000000000000000e+00
0.000000000000000000e+00
0.000000000000000000e+00
1.512310090903471946e-02
0.000000000000000000e+00
8.051104090463460927e-02
1.049788688956270200e+00
7.012006070668278745e+00
1.283025870824340409e+01
7.015265072060827833e+00
1.048828427452092260e+00
8.339513265473919024e-02
0.000000000000000000e+00
2.158530475609604302e-02
0.000000000000000000e+00
4.862985096011791797e-02
5.401749521058022419e-01
3.738671136898099601e+00
6.991375411584035859e+00
3.918209738395441288e+00
5.973744031355188167e-01
4.999774810511059542e-02
0.000000000000000000e+00
0.000000000000000000e+00
0.000000000000000000e+00
1.872452689600831791e-02
1.627531406495353883e-01
1.175965552286712068e+00
2.236141294406680746e+00
1.282205908976156605e+00
1.973775004149130874e-01
1.853216335849091137e-02
0.000000000000000000e+00
0.000000000000000000e+00
0.000000000000000000e+00
0.000000000000000000e+00
3.510667791526266013e-02
2.733714133586355732e-01
5.254104483556913952e-01
3.092331717163512850e-01
4.715898001027440944e-02
0.000000000000000000e+00
0.000000000000000000e+00
0.000000000000000000e+00
4.773690605701601426e-03
0.000000000000000000e+00
2.539084695784385795e-02
3.826865168404495754e-01
2.347104940859781497e+00
4.106165110607853386e+00
2.412271427235219701e+00
2.938057287686549834e+00
1.744310657960454591e+01
3.187005297804899939e+01
1.743366476821138988e+01
2.605467964096079392e+00
2.884259048355409805e-01
1.713016808073407893e-01
1.602605628545265004e+00
6.771099951597676636e+00
3.179876808434326207e+01
5.723350762678889936e+01
3.980499537994473513e+01
2.199965432148134425e+01
1.013479402155895670e+01
1.489131027754626801e+00
2.245715154062178365e-01
5.182846246664651879e-02
5.863507268111698423e-01
3.069236079781812343e+00
1.676943683437804822e+01
3.096593182904356922e+01
2.003451619841347053e+01
8.241800892823633262e+00
3.425020261585114412e+00
7.089076704068133505e-01
2.857794049797418801e+00
1.879238809151697609e+01
3.453703142068504661e+01
1.967427475706703532e+01
8.059465897572346549e+00
1.011380004047612502e+01
6.293999389041272430e+00
2.239301831543426324e+00
8.562624938356153681e-01
2.483001269848965076e-01
1.445092688901428835e+00
1.000247679367759623e+01
1.872151258808644059e+01
1.066927366181690395e+01
2.818819258890848722e+00
2.440312540870114955e+00
1.489373948952126270e+00
4.544903383978979305e-01
1.693437784903784049e-01
2.802622442152744031e-01
1.975385945084042971e+00
5.990076846847194325e+00
7.628704416022148216e+00
3.701613478995696038e+00
1.015350181999549850e+00
3.554554811561276395e+00
2.078489973105628863e+01
3.757744328070445050e+01
2.053987209293147487e+01
3.188493197134923740e+00
1.164205884847481443e+00
2.289514410205545136e+00
2.367628244914628421e+00
9.796172286676001484e-01
3.091137240425090305e-01
1.654199617389633170e+00
1.115364817297999345e+01
2.234174018730040245e+01
2.341449746207743132e+01
2.427175618570601756e+01
1.790279787468939787e+01
1.277687447476052185e+01
6.369957546846030105e+00
1.059856294050786740e+00
1.636469540897299568e-01
4.816264799032041743e-01
3.577965273010351055e+00
7.538999205753714072e+00
1.027685029221643731e+01
1.309763858129743497e+01
9.965075203401735138e+00
6.929054076752803937e+00
3.435349947726513253e+00
5.042079824211002093e-01
6.317219888000592809e-02
1.043660274847984931e-01
8.543287577512170827e-01
1.843484573981385877e+00
2.993651349475590084e+00
4.196074482361818347e+00
3.246346347288359802e+00
2.247149237718567782e+00
1.122820337095282062e+00
1.657528914258541985e-01
1.551425711051534692e-02
0.000000000000000000e+00
1.539157956707609687e-01
3.555913976274436838e-01
6.653317550815968096e-01
9.636961873711840099e-01
7.820112432291554949e-01
5.347450120592420753e-01
3.053555178857114694e-01
4.016528525430131114e-02
2.236916238076439578e-01
2.915606573343923369e+00
1.947914349678115542e+01
3.569083476644347286e+01
1.958824122019841596e+01
3.092194533111576327e+00
3.852269002032820966e-01
8.504077279368893461e-02
1.125909716139821548e-01
0.000000000000000000e+00
1.380044528036781237e-01
1.538118589880029363e+00
1.063991471139964595e+01
1.989170769823830653e+01
1.114453667246958446e+01
1.724978999314296768e+00
1.420869833900488821e-01
1.259795296709462047e-02
3.609367049686505735e-02
0.000000000000000000e+00
5.383243434702886243e-02
4.715565756721660229e-01
3.402933179963891774e+00
6.468367856972082386e+00
3.706861761370008335e+00
5.705139647249480861e-01
5.340897886426863167e-02
0.000000000000000000e+00
0.000000000000000000e+00
0.000000000000000000e+00
0.000000000000000000e+00
1.033561603523918543e-01
8.023498256259862238e-01
1.541616628434021585e+00
9.064903133293827908e-01
1.383000035866636390e-01
0.000000000000000000e+00
0.000000000000000000e+00
0.000000000000000000e+00
0.000000000000000000e+00
0.000000000000000000e+00
0.000000000000000000e+00
1.536357242926509048e-01
2.928629103068295381e-01
1.792149959201405907e-01
0.000000000000000000e+00
0.000000000000000000e+00
0.000000000000000000e+00
0.000000000000000000e+00
0.000000000000000000e+00
0.000000000000000000e+00
0.000000000000000000e+00
0.000000000000000000e+00
4.339826254364042429e-02
0.000000000000000000e+00
0.000000000000000000e+00
0.000000000000000000e+00
0.000000000000000000e+00
0.000000000000000000e+00
0.000000000000000000e+00
0.000000000000000000e+00
0.000000000000000000e+00
0.000000000000000000e+00
0.000000000000000000e+00
0.000000000000000000e+00
0.000000000000000000e+00
0.000000000000000000e+00
0.000000000000000000e+00
0.000000000000000000e+00
0.000000000000000000e+00
0.000000000000000000e+00
0.000000000000000000e+00
0.000000000000000000e+00
0.000000000000000000e+00
0.000000000000000000e+00
0.000000000000000000e+00
0.000000000000000000e+00
0.000000000000000000e+00
0.000000000000000000e+00
0.000000000000000000e+00
0.000000000000000000e+00
0.000000000000000000e+00
0.000000000000000000e+00
0.000000000000000000e+00
0.000000000000000000e+00
0.000000000000000000e+00
0.000000000000000000e+00
0.000000000000000000e+00
0.000000000000000000e+00
0.000000000000000000e+00
0.000000000000000000e+00
0.000000000000000000e+00
0.000000000000000000e+00
0.000000000000000000e+00
0.000000000000000000e+00
0.000000000000000000e+00
0.000000000000000000e+00
0.000000000000000000e+00
2.436622868077900975e-02
0.000000000000000000e+00
1.295516636224965379e-01
1.688720778985839610e+00
1.128375996344181509e+01
2.065249231130556495e+01
1.129586392453599686e+01
1.689147132993821909e+00
1.345482626610390864e-01
0.000000000000000000e+00
3.511679081761123755e-02
3.478905361151367337e-02
8.006363785715084336e-02
1.077531295082428731e+00
8.586692070511874775e+00
2.765888923400043353e+01
3.595933683396729919e+01
1.711533580558813838e+01
2.494411197785910250e+00
1.921201808120118759e-01
2.097358258417921298e-02
5.014521046990130793e-02
3.128147802159320784e-02
3.883206100349119172e-01
3.252453969098912712e+00
1.257976668907583573e+01
1.864739506092156063e+01
9.573659695167172856e+00
1.440100801085404392e+00
1.178810485958479287e-01
0.000000000000000000e+00
2.995578751492482955e-02
0.000000000000000000e+00
1.047954360376647243e-01
8.582560256480555871e-01
3.722327201647826822e+00
5.899148910694692383e+00
3.159662580103241858e+00
4.740363066561112393e-01
4.439757648328979123e-02
0.000000000000000000e+00
0.000000000000000000e+00
0.000000000000000000e+00
0.000000000000000000e+00
1.753979904488909836e-01
8.376930121468335599e-01
1.386480389502349864e+00
7.671920336548013752e-01
1.150799929184287002e-01
6.956207302023859063e-02
9.067881196978778702e-01
6.059371161733907662e+00
1.109101393031849625e+01
6.066574591818751472e+00
9.072271729261202067e-01
2.255011018113767807e-01
2.438640503291104600e-01
1.681779488163226144e-01
0.000000000000000000e+00
4.302638793328376204e-02
4.797280959616677665e-01
3.319527768433493176e+00
6.207911463588756007e+00
3.479126103692898653e+00
5.304761534830861880e-01
4.438336002423566573e-02
3.618987403617243692e-02
1.127982249967684862e-02
0.000000000000000000e+00
1.682403384113939637e-02
1.473564512564576323e-01
1.078746406957339365e+00
2.023069157150189312e+00
1.238863393947307046e+00
1.208198457414057847e+00
6.957167633675092944e+00
1.259430785395052155e+01
7.223494853249671444e+00
5.205710430510487541e+00
2.791880347928126227e+01
5.203835193645475954e+01
3.726882946437121547e+01
3.089719243210374700e+01
3.702874210174307734e+01
2.866378486605659148e+01
2.276857431050026292e+01
2.565579818404985346e+01
1.373981300640999592e+01
4.263433678082727774e+00
1.550823815779092030e+01
2.921596712740949542e+01
2.118331608454774084e+01
1.730732067466497526e+01
2.102667530442256805e+01
1.656706194987003045e+01
1.383268589900836432e+01
1.615393210538978153e+01
8.758689094982582191e+00
2.012479559654015482e+00
5.055733449650532840e+00
9.546304620276170994e+00
7.013372945516401558e+00
5.663700613583036336e+00
6.940803214723329617e+00
5.545991446092128463e+00
4.852551039338885985e+00
5.904274367101556287e+00
3.257546852957615258e+00
6.436922220990333177e-01
1.297650810479152650e+00
3.506201449764706268e+00
9.929677094891035338e+00
1.642296518172240383e+01
9.899350948519241911e+00
2.582591944113169724e+00
1.338058392526090934e+00
1.552518287017630172e+00
8.991900762760909327e-01
1.240208375430630894e-01
2.880335055551400680e-01
1.096413330367834504e+00
4.912477632301585295e+00
8.836924187616624238e+00
5.606106825680441830e+00
4.138907553934716432e+00
6.076022239726498242e+00
3.477511094272009551e+00
6.671902515988703541e-01
5.088434917880146208e-02
7.404801881354426685e-02
2.797822161091626514e-01
1.758622546284387189e+00
6.381055034092899092e+00
2.534522540345125918e+01
4.493576735255180665e+01
2.680599437639930471e+01
5.409104493076102749e+00
5.789623600372774126e-01
2.357166526900771400e-02
7.344224969773777145e-02
5.182066688040794927e-02
5.245849883454839491e-01
2.582755927187745382e+00
1.355772729750154326e+01
2.509240967617050089e+01
1.479806712684906955e+01
2.719280792414474401e+00
2.710030105235017306e-01
8.987548060808219288e-03
4.444550723599894476e-02
1.236881863795086592e-02
1.356113798817874805e-01
8.104623812784889081e-01
5.199323673810490654e+00
1.407201425733260436e+01
1.712491224442498350e+01
1.828416511929051325e+01
2.233118666143190367e+01
1.176616787727010482e+01
1.749477482464693479e+00
1.574510840225618880e-01
0.000000000000000000e+00
2.282997046994786894e-01
1.475447915347055439e+00
5.256642592102115152e+00
8.119041965826939489e+00
1.011469325327196245e+01
1.270612180496730304e+01
7.078321868496068703e+00
3.646032626335639293e+00
1.749773737600477119e+01
3.185268231376169723e+01
1.746400046230014880e+01
2.946219751569507217e+00
1.663221551636442364e+00
2.504733996137499918e+00
3.353700749124992608e+00
4.855620888026043858e+00
6.823944012208178478e+00
9.764623224666076240e+00
1.412734113917383461e+01
1.882807690656380117e+01
1.023946170191137561e+01
1.585755061082474882e+00
4.479633469575092786e-01
5.419820336122194160e-01
8.507825468440284311e-01
1.368316539087288231e+00
3.063857522041541159e+00
5.092529509937963716e+00
5.779794086186141655e+00
6.393306990636300036e+00
3.853774028667767748e+00
4.963674008582840358e+00
2.993932976227380394e+01
5.698082984941091667e+01
4.752056937779546786e+01
3.709769780956294483e+01
1.896703974751360988e+01
4.254091943801174835e+00
1.924043462886020794e+00
1.583469546623776925e+00
1.138432932380585516e+00
2.561871759357122080e+00
1.695223069798153759e+01
3.293696229998602831e+01
2.767968001630475072e+01
2.152071037100547457e+01
1.094045766751061244e+01
1.970300731187077048e+00
5.677537868728026460e-01
3.117671248380712856e-01
3.747770922648704373e-01
1.852139901794789267e+00
1.283902221872696003e+01
2.426713058493465525e+01
1.660334597525935152e+01
8.294307519343671942e+00
3.810476131982656778e+00
6.250914760084379518e-01
1.449307979630863330e-01
4.201045968240166295e-02
1.981691944582836262e-01
2.657942621513541326e+00
1.808590741530042223e+01
3.349788646360455147e+01
1.929635438966987948e+01
4.313098852585392606e+00
1.229228529058272068e+00
1.734978883522306781e+00
1.065729189207886840e+01
1.941307433288868722e+01
1.073324635452414810e+01
2.805788307813767091e+00
8.783591385487131475e+00
1.630691152998513616e+01
1.016013373906119810e+01
7.050102976966278412e+00
1.025923323235351781e+01
6.262792226283981911e+00
6.745911954513776010e+00
1.112542678739420943e+01
6.236788925885075052e+00
1.325039542798824188e+00
2.715800322827689683e+00
5.136645013696139905e+00
3.343399980984855802e+00
3.501251527616501491e+00
5.700245422684564467e+00
3.426834945654173570e+00
2.421409040300193105e+00
3.730125251693446220e+00
2.115673208836137409e+00
4.086922528467691884e-01
6.537522415386018970e-01
1.213417845921348936e+00
8.442607726395650047e-01
1.085163951549469541e+00
1.879532875094729549e+00
1.138365402340624222e+00
6.358505321691791945e-01
9.191831551496663089e-01
5.315442213083917400e-01
8.126421214335848020e-02
1.105769556078379512e-01
2.291197602980714898e-01
2.138231906397088100e-01
2.393396541888380968e-01
7.459533487036675847e-01
3.993386853990545049e+00
2.501657437809521412e+01
4.573374419406690805e+01
2.503385478448141654e+01
3.728315028083470484e+00
2.973431045084851121e-01
3.258300274276249714e-02
7.804450233305008922e-02
4.714333042504424698e-02
2.695429368510712242e-01
2.061488012534780090e+00
1.388586618976794540e+01
2.600497655635544803e+01
1.456355383141655402e+01
2.221420341954875699e+00
1.858819227532505780e-01
0.000000000000000000e+00
4.736194221974140972e-02
0.000000000000000000e+00
8.537167832802629308e-02
6.316038693299539375e-01
4.557774057661928779e+00
8.670845206628976953e+00
4.972259372934900945e+00
7.660865775464386074e-01
7.156495333557828797e-02
0.000000000000000000e+00
0.000000000000000000e+00
0.000000000000000000e+00
0.000000000000000000e+00
1.425455072869594164e-01
1.104448231021076365e+00
2.124614863449823865e+00
1.249889709176357222e+00
1.911016491773766257e-01
0.000000000000000000e+00
0.000000000000000000e+00
0.000000000000000000e+00
0.000000000000000000e+00
0.000000000000000000e+00
0.000000000000000000e+00
2.176249495448073501e-01
4.158944515452367430e-01
2.543664390385892426e-01
0.000000000000000000e+00
0.000000000000000000e+00
3.758280877833704292e-02
0.000000000000000000e+00
1.995833972301386539e-01
2.600646043086293879e+00
1.738514774966968446e+01
3.183152904570291497e+01
1.748159994756113633e+01
2.605124229767374899e+00
2.081318562157083163e-01
0.000000000000000000e+00
5.519096524393280606e-02
0.000000000000000000e+00
1.291739745502307191e-01
1.453140492057242161e+00
1.005494337353716894e+01
1.881648904768942643e+01
1.055084961635326124e+01
1.610030556413443170e+00
1.345278016343570693e-01
0.000000000000000000e+00
3.422538834466625629e-02
0.000000000000000000e+00
5.210018872726604466e-02
4.640201569156410244e-01
3.348429064565409785e+00
6.375420394556848613e+00
3.658207755095169933e+00
5.642579146502447740e-01
5.254938793096162325e-02
0.000000000000000000e+00
0.000000000000000000e+00
0.000000000000000000e+00
0.000000000000000000e+00
1.055023327119549020e-01
8.172309689651090503e-01
1.574159012557663884e+00
9.268855385311915995e-01
1.419981244867557779e-01
0.000000000000000000e+00
0.000000000000000000e+00
0.000000000000000000e+00
0.000000000000000000e+00
0.000000000000000000e+00
0.000000000000000000e+00
1.613990403044740785e-01
3.090565538709272864e-01
1.892061124599941357e-01
0.000000000000000000e+00
0.000000000000000000e+00
0.000000000000000000e+00
0.000000000000000000e+00
0.000000000000000000e+00
0.000000000000000000e+00
0.000000000000000000e+00
0.000000000000000000e+00
4.777179006258484156e-02
3.241749138003435782e-02
0.000000000000000000e+00
0.000000000000000000e+00
0.000000000000000000e+00
6.379545118102523775e-03
0.000000000000000000e+00
3.388521304197792544e-02
4.416148209285650217e-01
2.952346525859540716e+00
5.406053510022345243e+00
2.958261092952197302e+00
4.425197146358663680e-01
3.533012755685710493e-02
0.000000000000000000e+00
9.324241932701312491e-03
0.000000000000000000e+00
2.162503196531140662e-02
2.424832330686038373e-01
1.678250961812519870e+00
3.140495792634088623e+00
1.760995214087638150e+00
2.686903366414185590e-01
2.247667613545925591e-02
0.000000000000000000e+00
5.731000341616912692e-03
1.634275446673696605e-02
8.705354515392088599e-03
1.641117227246906840e-01
1.689055568216262460e+00
8.624223378544625618e+00
1.445693708800976296e+01
7.675616799623877107e+00
1.142345286697512341e+00
1.107682948011061985e-01
2.883160485315763299e-01
1.788966065655037907e+00
3.361210797185399279e+00
3.523886066467543987e+00
1.226844180959461639e+01
2.517773040753294111e+01
1.947173370975116313e+01
6.227898732832886530e+00
8.231923954644511099e-01
7.054125125352904424e-02
1.805505409050942867e-01
1.018422309799368541e+00
1.960777137415700810e+00
1.999748019859412640e+00
6.782374172638959919e+00
1.346552814659983355e+01
9.466186249873222991e+00
2.589144669987165415e+00
3.264291790467727106e-01
2.767017124159248248e-02
6.810663440768768839e-02
3.337631926341971811e-01
6.684917570728201586e-01
6.592195438795447338e-01
2.228634831593388377e+00
4.412817975536623472e+00
3.002982596085010947e+00
7.551554750028750540e-01
1.059544198663821268e-01
0.000000000000000000e+00
7.302109154069567898e-02
8.957625601068168741e-01
5.599635920967418024e+00
1.012588145206084178e+01
5.989351976203712624e+00
1.889201496205214603e+00
7.892855240752012502e-01
1.861862790571722770e-01
1.720465491838818820e-02
7.502533570466903001e-02
1.017581585299428104e+00
7.000400915690294212e+00
1.509814499346312466e+01
1.236514228882182920e+01
4.333700983962419429e+00
7.727140370361547106e-01
1.838289261502216720e-01
3.480431112691157597e-02
1.058931180824180043e-02
4.793345917061841988e-02
6.182299371467232518e-01
3.919784797922359232e+00
8.340724768329332406e+00
1.064906388145845995e+01
3.560408944536892761e+01
8.145379170827237658e+01
7.833857767157500973e+01
3.093268737963174786e+01
4.312601946728848112e+00
3.351239943737555627e-01
2.661717337299175923e-01
1.353679234404546516e+00
2.828157034463746555e+00
4.493561625787274139e+00
1.970792604622083033e+01
4.697779065302506751e+01
4.599151139584500925e+01
1.849003242947700087e+01
2.633449855810919615e+00
2.012855365233539306e-01
1.098925219840485856e-01
3.548049577102141416e-01
7.888121709729696285e-01
2.161274343441520251e+00
1.220870602030656116e+01
2.629341166987619260e+01
2.145369888979796968e+01
7.272819480784649571e+00
9.994140677954601593e-01
7.860240166638217396e-02
1.814374995636783283e-02
6.042495833408307454e-02
1.576642242581027253e-01
7.368609781532576841e-01
4.824125048408806293e+00
1.001406403174437543e+01
7.362980484879511067e+00
2.153159262040725608e+00
2.563277705901960690e-01
0.000000000000000000e+00
1.118414389691266102e-02
0.000000000000000000e+00
3.503632956670114235e-02
1.628173191328005087e-01
1.363921269749800214e+00
2.843189352562243144e+00
1.978678738094434175e+00
4.689176396899331078e-01
1.710875455900476641e-02
0.000000000000000000e+00
0.000000000000000000e+00
0.000000000000000000e+00
0.000000000000000000e+00
3.438153747712710540e-02
2.665774843990078025e-01
5.960602728638114689e-01
4.314619981142669980e-01
9.585109485955120578e-02
0.000000000000000000e+00
0.000000000000000000e+00
0.000000000000000000e+00
0.000000000000000000e+00
0.000000000000000000e+00
0.000000000000000000e+00
5.312411971416114431e-02
1.232063587724697012e-01
6.222413521717815726e-02
1.144425525043918646e-01
1.490460271333702957e+00
9.966736219966147559e+00
1.825313051234571660e+01
9.990276798699035510e+00
1.494583073374917914e+00
1.194469232608213749e-01
0.000000000000000000e+00
4.746447157353718416e-02
1.081156627607648968e-02
7.312124116882164071e-02
8.717025273019738396e-01
5.667110365249314441e+00
1.088740223143262753e+01
9.607845315588535939e+00
2.537875462425542850e+01
4.489284730422972558e+01
2.452975899609350563e+01
3.689029983607451157e+00
2.936155418698626063e-01
2.973808749859988346e-02
3.419932864423444463e-01
1.904283355921727372e+00
3.806704497711199675e+00
4.126709957050403332e+00
1.449594154590832495e+01
2.656484899101215191e+01
1.488413490128116301e+01
2.271508202698375278e+00
1.903386272211156638e-01
0.000000000000000000e+00
1.098836326009702546e-01
4.731116558782875736e-01
9.849638645630164335e-01
1.197208817280723592e+00
4.857187316158995571e+00
9.093060062446364000e+00
5.219161005697166900e+00
8.047678001661350278e-01
7.538327045929735237e-02
0.000000000000000000e+00
0.000000000000000000e+00
9.578519833137788542e-02
1.830087904490667605e-01
2.645032989990266925e-01
1.183387476830248142e+00
2.278772945985898080e+00
1.342473781909034658e+00
2.052544702818955846e-01
0.000000000000000000e+00
0.000000000000000000e+00
0.000000000000000000e+00
0.000000000000000000e+00
2.911958924750574287e-02
1.989738389342869673e-02
2.382473780128729346e-01
4.550826279172027200e-01
2.792794917054302606e-01
0.000000000000000000e+00
0.000000000000000000e+00
0.000000000000000000e+00
0.000000000000000000e+00
0.000000000000000000e+00
0.000000000000000000e+00
0.000000000000000000e+00
0.000000000000000000e+00
7.153551579465303178e-02
4.938434824101699955e-02
0.000000000000000000e+00
0.000000000000000000e+00
0.000000000000000000e+00
0.000000000000000000e+00
0.000000000000000000e+00
0.000000000000000000e+00
0.000000000000000000e+00
0.000000000000000000e+00
0.000000000000000000e+00
0.000000000000000000e+00
0.000000000000000000e+00
0.000000000000000000e+00
0.000000000000000000e+00
0.000000000000000000e+00
0.000000000000000000e+00
0.000000000000000000e+00
0.000000000000000000e+00
0.000000000000000000e+00
0.000000000000000000e+00
0.000000000000000000e+00
0.000000000000000000e+00
0.000000000000000000e+00
0.000000000000000000e+00
0.000000000000000000e+00
0.000000000000000000e+00
0.000000000000000000e+00
0.000000000000000000e+00
0.000000000000000000e+00
